frequency voltage current limit_mode sense_mode current_calibration voltage_calibration current_calibration_kz voltage_calibration_kz
1.0    1.0    0.5    2000    1000    39    22213    636   510
1.0    1.0    1.0    1000    100    100    31570    187   128
1.0    1.0    5.0    200    100    -1    30932    418   265
1.0    1.0    10.0    100    10    -2    30278    523   332
1.0    1.5    5.0    300    100    -5    30541    784   337
1.0    1.5    15.0    100    10    -1    29591    784   334
1.0    2.0    1.0    2000    100    -5    21625    196   78
1.0    2.0    2.0    1000    100    -2    31297    372   125
1.0    2.0    5.0    400    100    -1    30905    834   268
1.0    2.0    10.0    200    10    -1    30967    832   269
1.0    2.5    25.0    100    10    -5    29077    1302   342
1.0    3.0    10.0    300    10    -5    30967    1657   333
1.0    3.0    15.0    200    10    -5    31655    1323   267
1.0    4.0    2.0    2000    100    -5    22619    405   75
1.0    4.0    10.0    400    10    0    32076    1740   271
1.0    4.5    15.0    300    10    -5    30521    2047   291
1.0    5.0    5.0    1000    100    -5    31381    963   127
1.0    5.0    25.0    200    10    0    30479    2047   259
1.0    5.0    50.0    100    10    -5    29163    2047   262
1.0    6.0    15.0    400    10    -5    31370    2047   214
1.0    6.7    10.0    670    10    -5    29167    1847   175
1.0    7.5    25.0    300    10    -5    29063    2047   183
1.0    7.5    75.0    100    10    -5    27360    2047   187
1.0    10.0    5.0    2000    100    -5    21161    1003   77
1.0    10.0    10.0    1000    10    0    27256    1925   124
1.0    10.0    25.0    400    10    -5    32082    2047   135
1.0    10.0    50.0    200    10    -5    27360    2047   138
1.0    10.0    90.0    111    10    -5    29589    2047   138
5.0    1.0    0.5    2000    1000    39    22213    648   515
5.0    1.0    1.0    1000    100    100    31570    186   126
5.0    1.0    5.0    200    100    -1    30932    417   265
5.0    1.0    10.0    100    10    -2    30278    521   332
5.0    1.5    5.0    300    100    -5    30541    781   334
5.0    1.5    15.0    100    10    -1    29591    780   334
5.0    2.0    1.0    2000    100    -5    21625    195   75
5.0    2.0    2.0    1000    100    -2    31297    374   123
5.0    2.0    5.0    400    100    -1    30905    833   268
5.0    2.0    10.0    200    10    -1    30967    832   266
5.0    2.5    25.0    100    10    -5    29077    1299   340
5.0    3.0    10.0    300    10    -5    30967    1654   333
5.0    3.0    15.0    200    10    -5    31655    1322   265
5.0    4.0    2.0    2000    100    -5    22619    407   74
5.0    4.0    10.0    400    10    0    32076    1738   271
5.0    4.5    15.0    300    10    -5    30521    2047   293
5.0    5.0    5.0    1000    100    -5    31381    962   128
5.0    5.0    25.0    200    10    0    30479    2047   259
5.0    5.0    50.0    100    10    -5    29163    2047   261
5.0    6.0    15.0    400    10    -5    31370    2047   213
5.0    6.7    10.0    670    10    -5    29167    1846   175
5.0    7.5    25.0    300    10    -5    29063    2047   184
5.0    7.5    75.0    100    10    -5    27360    2047   185
5.0    10.0    5.0    2000    100    -5    21161    1001   76
5.0    10.0    10.0    1000    10    0    27256    1922   124
5.0    10.0    25.0    400    10    -5    32082    2047   137
5.0    10.0    50.0    200    10    -5    27360    2047   138
5.0    10.0    90.0    111    10    -5    29589    2047   138
10.0    1.0    0.5    2000    1000    39    22213    638   515
10.0    1.0    1.0    1000    100    100    31570    187   127
10.0    1.0    5.0    200    100    -1    30932    416   263
10.0    1.0    10.0    100    10    -2    30278    520   332
10.0    1.5    5.0    300    100    -5    30541    781   333
10.0    1.5    15.0    100    10    -1    29591    781   337
10.0    2.0    1.0    2000    100    -5    21625    196   77
10.0    2.0    2.0    1000    100    -2    31297    373   125
10.0    2.0    5.0    400    100    -1    30905    833   269
10.0    2.0    10.0    200    10    -1    30967    831   268
10.0    2.5    25.0    100    10    -5    29077    1298   339
10.0    3.0    10.0    300    10    -5    30967    1653   332
10.0    3.0    15.0    200    10    -5    31655    1321   265
10.0    4.0    2.0    2000    100    -5    22619    405   74
10.0    4.0    10.0    400    10    0    32076    1738   270
10.0    4.5    15.0    300    10    -5    30521    2047   291
10.0    5.0    5.0    1000    100    -5    31381    752   100
10.0    5.0    25.0    200    10    0    30479    2047   259
10.0    5.0    50.0    100    10    -5    29163    2047   260
10.0    6.0    15.0    400    10    -5    31370    2047   213
10.0    6.7    10.0    670    10    -5    29167    1847   175
10.0    7.5    25.0    300    10    -5    29063    2047   185
10.0    7.5    75.0    100    10    -5    27360    2047   187
10.0    10.0    5.0    2000    100    -5    21161    1001   76
10.0    10.0    10.0    1000    10    0    27256    1923   124
10.0    10.0    25.0    400    10    -5    32082    2047   138
10.0    10.0    50.0    200    10    -5    27360    2047   137
10.0    10.0    90.0    111    10    -5    29589    2047   136
50.0    1.0    0.5    2000    1000    39    22213    427   345
50.0    1.0    1.0    1000    100    100    31570    187   126
50.0    1.0    5.0    200    100    -1    30932    416   268
50.0    1.0    10.0    100    10    -2    30278    521   334
50.0    1.5    5.0    300    100    -5    30541    781   335
50.0    1.5    15.0    100    10    -1    29591    780   330
50.0    2.0    1.0    2000    100    -5    21625    195   76
50.0    2.0    2.0    1000    100    -2    31297    372   125
50.0    2.0    5.0    400    100    -1    30905    833   268
50.0    2.0    10.0    200    10    -1    30967    832   267
50.0    2.5    25.0    100    10    -5    29077    1298   341
50.0    3.0    10.0    300    10    -5    30967    1653   333
50.0    3.0    15.0    200    10    -5    31655    1319   266
50.0    4.0    2.0    2000    100    -5    22619    405   74
50.0    4.0    10.0    400    10    0    32076    1739   271
50.0    4.5    15.0    300    10    -5    30521    2047   294
50.0    5.0    5.0    1000    100    -5    31381    962   128
50.0    5.0    25.0    200    10    0    30479    2047   259
50.0    5.0    50.0    100    10    -5    29163    2047   263
50.0    6.0    15.0    400    10    -5    31370    2047   214
50.0    6.7    10.0    670    10    -5    29167    1847   175
50.0    7.5    25.0    300    10    -5    29063    2047   188
50.0    7.5    75.0    100    10    -5    27360    2047   185
50.0    10.0    5.0    2000    100    -5    21161    1001   76
50.0    10.0    10.0    1000    10    0    27256    1922   124
50.0    10.0    25.0    400    10    -5    32082    2047   138
50.0    10.0    50.0    200    10    -5    27360    2047   138
50.0    10.0    90.0    111    10    -5    29589    2047   137
100.0    1.0    0.5    2000    1000    39    22213    642   516
100.0    1.0    1.0    1000    100    100    31570    187   129
100.0    1.0    5.0    200    100    -1    30932    416   265
100.0    1.0    10.0    100    10    -2    30278    521   335
100.0    1.5    5.0    300    100    -5    30541    779   334
100.0    1.5    15.0    100    10    -1    29591    779   337
100.0    2.0    1.0    2000    100    -5    21625    196   74
100.0    2.0    2.0    1000    100    -2    31297    373   125
100.0    2.0    5.0    400    100    -1    30905    832   267
100.0    2.0    10.0    200    10    -1    30967    832   267
100.0    2.5    25.0    100    10    -5    29077    1297   341
100.0    3.0    10.0    300    10    -5    30967    1653   334
100.0    3.0    15.0    200    10    -5    31655    1319   266
100.0    4.0    2.0    2000    100    -5    22619    406   75
100.0    4.0    10.0    400    10    0    32076    1738   271
100.0    4.5    15.0    300    10    -5    30521    2047   293
100.0    5.0    5.0    1000    100    -5    31381    962   128
100.0    5.0    25.0    200    10    0    30479    2047   260
100.0    5.0    50.0    100    10    -5    29163    2047   261
100.0    6.0    15.0    400    10    -5    31370    2047   215
100.0    6.7    10.0    670    10    -5    29167    1845   175
100.0    7.5    25.0    300    10    -5    29063    2047   186
100.0    7.5    75.0    100    10    -5    27360    2047   184
100.0    10.0    5.0    2000    100    -5    21161    1000   76
100.0    10.0    10.0    1000    10    0    27256    1923   125
100.0    10.0    25.0    400    10    -5    32082    2047   137
100.0    10.0    50.0    200    10    -5    27360    2047   137
100.0    10.0    90.0    111    10    -5    29589    2047   138
400.0    1.0    0.5    2000    1000    39    22213    638   514
400.0    1.0    1.0    1000    100    100    31570    187   131
400.0    1.0    5.0    200    100    -1    30932    416   264
400.0    1.0    10.0    100    10    -2    30278    519   331
400.0    1.5    5.0    300    100    -5    30541    780   333
400.0    1.5    15.0    100    10    -1    29591    781   332
400.0    2.0    1.0    2000    100    -5    21625    196   78
400.0    2.0    2.0    1000    100    -2    31297    373   124
400.0    2.0    5.0    400    100    -1    30905    833   268
400.0    2.0    10.0    200    10    -1    30967    831   266
400.0    2.5    25.0    100    10    -5    29077    1297   340
400.0    3.0    10.0    300    10    -5    30967    1650   333
400.0    3.0    15.0    200    10    -5    31655    1323   265
400.0    4.0    2.0    2000    100    -5    22619    405   75
400.0    4.0    10.0    400    10    0    32076    1737   271
400.0    4.5    15.0    300    10    -5    30521    2047   292
400.0    5.0    5.0    1000    100    -5    31381    961   128
400.0    5.0    25.0    200    10    0    30479    2047   259
400.0    5.0    50.0    100    10    -5    29163    2047   266
400.0    6.0    15.0    400    10    -5    31370    2047   215
400.0    6.7    10.0    670    10    -5    29167    1844   175
400.0    7.5    25.0    300    10    -5    29063    2047   187
400.0    7.5    75.0    100    10    -5    27360    2047   187
400.0    10.0    5.0    2000    100    -5    21161    1002   75
400.0    10.0    10.0    1000    10    0    27256    1923   124
400.0    10.0    25.0    400    10    -5    32082    2047   136
400.0    10.0    50.0    200    10    -5    27360    2047   137
400.0    10.0    90.0    111    10    -5    29589    2047   138
1500.0    1.0    0.5    2000    1000    39    22213    642   523
1500.0    1.0    1.0    1000    100    100    31570    188   128
1500.0    1.0    5.0    200    100    -1    30932    418   261
1500.0    1.0    10.0    100    10    -2    30278    521   332
1500.0    1.5    5.0    300    100    -5    30541    782   334
1500.0    1.5    15.0    100    10    -1    29591    779   334
1500.0    2.0    1.0    2000    100    -5    21625    195   75
1500.0    2.0    2.0    1000    100    -2    31297    372   124
1500.0    2.0    5.0    400    100    -1    30905    832   270
1500.0    2.0    10.0    200    10    -1    30967    831   267
1500.0    2.5    25.0    100    10    -5    29077    1297   339
1500.0    3.0    10.0    300    10    -5    30967    1650   334
1500.0    3.0    15.0    200    10    -5    31655    1319   266
1500.0    4.0    2.0    2000    100    -5    22619    407   75
1500.0    4.0    10.0    400    10    0    32076    1737   272
1500.0    4.5    15.0    300    10    -5    30521    2047   294
1500.0    5.0    5.0    1000    100    -5    31381    962   128
1500.0    5.0    25.0    200    10    0    30479    2047   260
1500.0    5.0    50.0    100    10    -5    29163    2047   264
1500.0    6.0    15.0    400    10    -5    31370    2047   216
1500.0    6.7    10.0    670    10    -5    29167    1845   176
1500.0    7.5    25.0    300    10    -5    29063    2047   185
1500.0    7.5    75.0    100    10    -5    27360    2047   184
1500.0    10.0    5.0    2000    100    -5    21161    1001   77
1500.0    10.0    10.0    1000    10    0    27256    1923   125
1500.0    10.0    25.0    400    10    -5    32082    2047   140
1500.0    10.0    50.0    200    10    -5    27360    2047   137
1500.0    10.0    90.0    111    10    -5    29589    2047   138
6000.0    1.0    0.5    2000    1000    39    22213    637   510
6000.0    1.0    1.0    1000    100    100    31570    187   130
6000.0    1.0    5.0    200    100    -1    30932    417   266
6000.0    1.0    10.0    100    10    -2    30278    521   331
6000.0    1.5    5.0    300    100    -5    30541    780   335
6000.0    1.5    15.0    100    10    -1    29591    781   333
6000.0    2.0    1.0    2000    100    -5    21625    195   78
6000.0    2.0    2.0    1000    100    -2    31297    373   126
6000.0    2.0    5.0    400    100    -1    30905    833   266
6000.0    2.0    10.0    200    10    -1    30967    831   268
6000.0    2.5    25.0    100    10    -5    29077    1298   341
6000.0    3.0    10.0    300    10    -5    30967    1651   334
6000.0    3.0    15.0    200    10    -5    31655    1321   266
6000.0    4.0    2.0    2000    100    -5    22619    406   76
6000.0    4.0    10.0    400    10    0    32076    1737   272
6000.0    4.5    15.0    300    10    -5    30521    2047   296
6000.0    5.0    5.0    1000    100    -5    31381    963   128
6000.0    5.0    25.0    200    10    0    30479    2047   260
6000.0    5.0    50.0    100    10    -5    29163    2047   262
6000.0    6.0    15.0    400    10    -5    31370    2047   213
6000.0    6.7    10.0    670    10    -5    29167    1846   176
6000.0    7.5    25.0    300    10    -5    29063    2047   186
6000.0    7.5    75.0    100    10    -5    27360    2047   186
6000.0    10.0    5.0    2000    100    -5    21161    1001   76
6000.0    10.0    10.0    1000    10    0    27256    1923   124
6000.0    10.0    25.0    400    10    -5    32082    2047   138
6000.0    10.0    50.0    200    10    -5    27360    2047   137
6000.0    10.0    90.0    111    10    -5    29589    2047   137
25000.0    1.0    0.5    2000    1000    39    22213    637   509
25000.0    1.0    1.0    1000    100    100    31570    187   129
25000.0    1.0    5.0    200    100    -1    30932    417   264
25000.0    1.0    10.0    100    10    -2    30278    521   332
25000.0    1.5    5.0    300    100    -5    30541    780   333
25000.0    1.5    15.0    100    10    -1    29591    780   333
25000.0    2.0    1.0    2000    100    -5    21625    195   76
25000.0    2.0    2.0    1000    100    -2    31297    373   125
25000.0    2.0    5.0    400    100    -1    30905    833   268
25000.0    2.0    10.0    200    10    -1    30967    831   268
25000.0    2.5    25.0    100    10    -5    29077    1297   341
25000.0    3.0    10.0    300    10    -5    30967    1651   334
25000.0    3.0    15.0    200    10    -5    31655    1320   267
25000.0    4.0    2.0    2000    100    -5    22619    404   75
25000.0    4.0    10.0    400    10    0    32076    1738   271
25000.0    4.5    15.0    300    10    -5    30521    2047   297
25000.0    5.0    5.0    1000    100    -5    31381    963   128
25000.0    5.0    25.0    200    10    0    30479    2047   259
25000.0    5.0    50.0    100    10    -5    29163    2047   266
25000.0    6.0    15.0    400    10    -5    31370    2047   215
25000.0    6.7    10.0    670    10    -5    29167    1846   175
25000.0    7.5    25.0    300    10    -5    29063    2047   190
25000.0    7.5    75.0    100    10    -5    27360    2047   190
25000.0    10.0    5.0    2000    100    -5    21161    1001   76
25000.0    10.0    10.0    1000    10    0    27256    1923   125
25000.0    10.0    25.0    400    10    -5    32082    2047   142
25000.0    10.0    50.0    200    10    -5    27360    2047   142
25000.0    10.0    90.0    111    10    -5    29589    2047   143
100000.0    1.0    0.5    2000    1000    39    22213    627   496
100000.0    1.0    1.0    1000    100    100    31570    186   126
100000.0    1.0    5.0    200    100    -1    30932    416   261
100000.0    1.0    10.0    100    10    -2    30278    519   327
100000.0    1.5    5.0    300    100    -5    30541    781   335
100000.0    1.5    15.0    100    10    -1    29591    780   333
100000.0    2.0    1.0    2000    100    -5    21625    194   77
100000.0    2.0    2.0    1000    100    -2    31297    372   124
100000.0    2.0    5.0    400    100    -1    30905    832   281
100000.0    2.0    10.0    200    10    -1    30967    832   268
100000.0    2.5    25.0    100    10    -5    29077    1298   341
100000.0    3.0    10.0    300    10    -5    30967    1651   334
100000.0    3.0    15.0    200    10    -5    31655    1321   266
100000.0    4.0    2.0    2000    100    -5    22619    405   74
100000.0    4.0    10.0    400    10    0    32076    1738   272
100000.0    4.5    15.0    300    10    -5    30521    2047   307
100000.0    5.0    5.0    1000    100    -5    31381    962   128
100000.0    5.0    25.0    200    10    0    30479    2047   263
100000.0    5.0    50.0    100    10    -5    29163    2047   275
100000.0    6.0    15.0    400    10    -5    31370    2047   225
100000.0    6.7    10.0    670    10    -5    29167    1847   175
100000.0    7.5    25.0    300    10    -5    29063    2047   211
100000.0    7.5    75.0    100    10    -5    27360    2047   206
100000.0    10.0    5.0    2000    100    -5    21161    1001   76
100000.0    10.0    10.0    1000    10    0    27256    1924   124
100000.0    10.0    25.0    400    10    -5    32082    2047   153
100000.0    10.0    50.0    200    10    -5    27360    2047   154
100000.0    10.0    90.0    111    10    -5    29589    2047   158
400000.0    1.0    0.5    2000    1000    39    22213    621   477
400000.0    1.0    1.0    1000    100    100    31570    188   123
400000.0    1.0    5.0    200    100    -1    30932    417   271
400000.0    1.0    10.0    100    10    -2    30278    523   13
400000.0    1.5    5.0    300    100    -5    30541    782   332
400000.0    1.5    15.0    100    10    -1    29591    785   327
400000.0    2.0    1.0    2000    100    -5    21625    195   74
400000.0    2.0    2.0    1000    100    -2    31297    373   123
400000.0    2.0    5.0    400    100    -1    30905    836   264
400000.0    2.0    10.0    200    10    -1    30967    833   267
400000.0    2.5    25.0    100    10    -5    29077    1302   336
400000.0    3.0    10.0    300    10    -5    30967    1655   331
400000.0    3.0    15.0    200    10    -5    31655    1324   263
400000.0    4.0    2.0    2000    100    -5    22619    406   72
400000.0    4.0    10.0    400    10    0    32076    1741   272
400000.0    4.5    15.0    300    10    -5    30521    2047   297
400000.0    5.0    5.0    1000    100    -5    31381    966   127
400000.0    5.0    25.0    200    10    0    30479    2047   261
400000.0    5.0    50.0    100    10    -5    29163    2047   278
400000.0    6.0    15.0    400    10    -5    31370    2047   217
400000.0    6.7    10.0    670    10    -5    29167    1848   175
400000.0    7.5    25.0    300    10    -5    29063    2047   178
400000.0    7.5    75.0    100    10    -5    27360    2047   182
400000.0    10.0    5.0    2000    100    -5    21161    1001   78
400000.0    10.0    10.0    1000    10    0    27256    1924   132
400000.0    10.0    25.0    400    10    -5    32082    2047   133
400000.0    10.0    50.0    200    10    -5    27360    2047   140
400000.0    10.0    90.0    111    10    -5    29589    2047   135
1500000.0    1.0    0.5    2000    1000    39    22213    591   403
1500000.0    1.0    1.0    1000    100    100    31570    185   96
1500000.0    1.0    5.0    200    100    -1    30932    415   205
1500000.0    1.0    10.0    100    10    -2    30278    518   258
1500000.0    1.5    5.0    300    100    -5    30541    779   261
1500000.0    1.5    15.0    100    10    -1    29591    778   248
1500000.0    2.0    1.0    2000    100    -5    21625    192   62
1500000.0    2.0    2.0    1000    100    -2    31297    371   100
1500000.0    2.0    5.0    400    100    -1    30905    831   205
1500000.0    2.0    10.0    200    10    -1    30967    829   204
1500000.0    2.5    25.0    100    10    -5    29077    1295   260
1500000.0    3.0    10.0    300    10    -5    30967    1648   257
1500000.0    3.0    15.0    200    10    -5    31655    1317   205
1500000.0    4.0    2.0    2000    100    -5    22619    400   62
1500000.0    4.0    10.0    400    10    0    32076    1736   222
1500000.0    4.5    15.0    300    10    -5    30521    2047   226
1500000.0    5.0    5.0    1000    100    -5    31381    958   98
1500000.0    5.0    25.0    200    10    0    30479    2047   201
1500000.0    5.0    50.0    100    10    -5    29163    2047   213
1500000.0    6.0    15.0    400    10    -5    31370    2047   178
1500000.0    6.7    10.0    670    10    -5    29167    1840   133
1500000.0    7.5    25.0    300    10    -5    29063    2047   157
1500000.0    7.5    75.0    100    10    -5    27360    2047   175
1500000.0    10.0    5.0    2000    100    -5    21161    988   63
1500000.0    10.0    10.0    1000    10    0    27256    1913   102
1500000.0    10.0    25.0    400    10    -5    32082    2047   127
1500000.0    10.0    50.0    200    10    -5    27360    2047   122
1500000.0    10.0    90.0    111    10    -5    29589    2047   121
3000000.0    1.0    0.5    2000    1000    39    22213    558   25
3000000.0    1.0    1.0    1000    100    100    31570    184   124
3000000.0    1.0    5.0    200    100    -1    30932    413   259
3000000.0    1.0    10.0    100    10    -2    30278    516   286
3000000.0    1.5    5.0    300    100    -5    30541    776   308
3000000.0    1.5    15.0    100    10    -1    29591    775   307
3000000.0    2.0    1.0    2000    100    -5    21625    190   90
3000000.0    2.0    2.0    1000    100    -2    31297    368   123
3000000.0    2.0    5.0    400    100    -1    30905    828   255
3000000.0    2.0    10.0    200    10    -1    30967    827   248
3000000.0    2.5    25.0    100    10    -5    29077    1291   299
3000000.0    3.0    10.0    300    10    -5    30967    1645   306
3000000.0    3.0    15.0    200    10    -5    31655    1314   244
3000000.0    4.0    2.0    2000    100    -5    22619    397   89
3000000.0    4.0    10.0    400    10    0    32076    1732   243
3000000.0    4.5    15.0    300    10    -5    30521    2047   289
3000000.0    5.0    5.0    1000    100    -5    31381    954   119
3000000.0    5.0    25.0    200    10    0    30479    2047   254
3000000.0    5.0    50.0    100    10    -5    29163    2047   267
3000000.0    6.0    15.0    400    10    -5    31370    2047   225
3000000.0    6.7    10.0    670    10    -5    29167    1835   174
6000000.0    1.0    0.5    2000    1000    39    22213    473   648
6000000.0    1.0    1.0    1000    100    100    31570    182   150
6000000.0    1.0    5.0    200    100    -1    30932    410   279
6000000.0    1.0    10.0    100    10    -2    30278    512   350
6000000.0    1.5    5.0    300    100    -5    30541    780   332
6000000.0    1.5    15.0    100    10    -1    29591    777   330
6000000.0    2.0    1.0    2000    100    -5    21625    200   133
6000000.0    2.0    2.0    1000    100    -2    31297    368   146
6000000.0    2.0    5.0    400    100    -1    30905    827   276
6000000.0    2.0    10.0    200    10    -1    30967    828   276
6000000.0    2.5    25.0    100    10    -5    29077    1270   333
6000000.0    3.0    10.0    300    10    -5    30967    1652   351
6000000.0    3.0    15.0    200    10    -5    31655    1325   282
12000000.0    1.0    0.5    2000    1000    39    22213    320   759
12000000.0    1.0    1.0    1000    100    100    31570    170   172
12000000.0    1.0    5.0    200    100    -1    30932    395   262
12000000.0    1.0    10.0    100    10    -2    30278    490   338
12000000.0    1.5    5.0    300    100    -5    30541    734   314
12000000.0    1.5    15.0    100    10    -1    29591    726   325
12000000.0    2.0    1.0    2000    100    -5    21625    184   204
12000000.0    2.0    2.0    1000    100    -2    31297    353   185
12000000.0    2.0    5.0    400    100    -1    30905    801   261
12000000.0    2.0    10.0    200    10    -1    30967    765   254
